Body Wt Brain Wt Body Wt Brain Wt Body Wt Brain Wt
3.385 44.5 521.000 655.0 2.500 12.10
0.480 15.5 0.785 3.5 55.500 175.00
1.350 8.1 10.000 115.0 100.000 157.00
465.000 423.0 3.300 25.6 52.160 440.00
36.330 119.5 0.200 5.0 10.550 179.50
27.660 115.0 1.410 17.5 0.550 2.40
14.830 98.2 529.000 680.0 60.000 81.00
1.040 5.5 207.000 406.0 3.600 21.00
4.190 58.0 85.000 325.0 4.288 39.20
0.425 6.4 0.750 12.3 0.280 1.90
0.101 4.0 62.000 1320.0 0.075 1.20
0.920 5.7 6654.000 5712.0 0.122 3.00
1.000 6.6 3.500 3.9 0.048 0.33
0.005 0.1 6.800 179.0 192.000 180.00
0.060 1.0 35.000 56.0 3.000 25.00
3.500 10.8 4.050 17.0 160.000 169.00
2.000 12.3 0.120 1.0 0.900 2.60
1.700 6.3 0.023 0.4 1.620 11.40
2547.000 4603.0 0.010 0.3 0.104 2.50
0.023 0.3 1.400 12.5 4.235 50.40
187.100 419.0 250.000 490.0
